Date,Open,High,Low,Close,Adj_Close,Volume
2019-12-31,72.4825,73.42,72.38,73.4125,71.5208,100806000.0
2020-01-02,74.06,75.15,73.7975,75.0875,73.1526,135480000.0
2020-01-03,74.2875,75.145,74.125,74.3575,72.4415,146323000.0
2020-01-06,73.4475,74.99,73.1875,74.95,73.0187,118387000.0
2020-01-07,74.96,75.225,74.37,74.5975,72.6753,108872000.0
2020-01-08,74.29,76.11,74.29,75.7975,73.8444,132079000.0
2020-01-09,76.81,77.6075,76.55,77.4075,75.4129,170108000.0
2020-01-10,77.65,78.1675,77.0625,77.5825,75.5833,140645000.0
2020-01-13,77.91,79.2675,77.7875,79.24,77.1981,121532000.0
2020-01-14,79.175,79.3925,78.0425,78.17,76.1557,161954000.0
2020-01-15,77.9625,78.875,77.3875,77.835,75.8294,121924000.0
2020-01-16,78.3975,78.925,78.0225,78.81,76.7792,108829000.0
2020-01-17,79.0675,79.685,78.75,79.6825,77.6292,137816000.0
2020-01-21,79.2975,79.755,79.0,79.1425,77.1032,110843000.0
2020-01-22,79.645,79.9975,79.3275,79.425,77.3784,101832000.0
2020-01-23,79.48,79.89,78.9125,79.8075,77.751,104472000.0
2020-01-24,80.0625,80.8325,79.38,79.5775,77.527,146538000.0
2020-01-27,77.515,77.9425,76.22,77.2375,75.2473,161940000.0
2020-01-28,78.15,79.6,78.0475,79.4225,77.3759,162234000.0
2020-01-29,81.1125,81.9625,80.345,81.085,78.9956,216229000.0
2020-01-30,80.135,81.0225,79.6875,80.9675,78.8811,126743000.0
2020-01-31,80.2325,80.67,77.0725,77.3775,75.3837,199588000.0
2020-02-03,76.075,78.3725,75.555,77.165,75.1766,173788000.0
2020-02-04,78.8275,79.91,78.4075,79.7125,77.6585,136616000.0
2020-02-05,80.88,81.19,79.7375,80.3625,78.2917,118827000.0
2020-02-06,80.6425,81.305,80.065,81.3025,79.2075,105426000.0
2020-02-07,80.5925,80.85,79.5,80.0075,78.1309,117684000.0
2020-02-10,78.545,80.3875,78.4625,80.3875,78.5019,109349000.0
2020-02-11,80.9,80.975,79.6775,79.9025,78.0283,94323200.0
2020-02-12,80.3675,81.805,80.3675,81.8,79.8813,113730000.0
2020-02-13,81.0475,81.555,80.8375,81.2175,79.3125,94747600.0
2020-02-14,81.185,81.495,80.7125,81.2375,79.332,80113600.0
2020-02-18,78.84,79.9375,78.6525,79.75,77.8794,152531000.0
2020-02-19,80.0,81.1425,80.0,80.905,79.0073,93984000.0
2020-02-20,80.6575,81.1625,79.5525,80.075,78.1968,100566000.0
2020-02-21,79.655,80.1125,77.625,78.2625,76.4268,129554000.0
2020-02-24,74.315,76.045,72.3075,74.545,72.7965,222195000.0
2020-02-25,75.2375,75.6325,71.5325,72.02,70.3307,230674000.0
2020-02-26,71.6325,74.47,71.625,73.1625,71.4464,198055000.0
2020-02-27,70.275,71.5,68.24,68.38,66.7761,320606000.0
2020-02-28,64.315,69.6025,64.0925,68.34,66.737,426510000.0
2020-03-02,70.57,75.36,69.43,74.7025,72.9503,341397000.0
2020-03-03,75.9175,76.0,71.45,72.33,70.6334,319476000.0
2020-03-04,74.11,75.85,73.2825,75.685,73.9097,219178000.0
2020-03-05,73.88,74.8875,72.8525,73.23,71.5123,187573000.0
2020-03-06,70.5,72.705,70.3075,72.2575,70.5626,226177000.0
2020-03-09,65.9375,69.5225,65.75,66.5425,64.9817,286745000.0
2020-03-10,69.285,71.61,67.3425,71.335,69.6618,285290000.0
2020-03-11,69.3475,70.305,67.965,68.8575,67.2424,255599000.0
2020-03-12,63.985,67.5,62.0,62.0575,60.6019,418474000.0
2020-03-13,66.2225,69.98,63.2375,69.4925,67.8625,370732000.0
2020-03-16,60.4875,64.77,60.0,60.5525,59.1322,322424000.0
2020-03-17,61.8775,64.4025,59.6,63.215,61.7322,324056000.0
2020-03-18,59.9425,62.5,59.28,61.6675,60.221,300234000.0
2020-03-19,61.8475,63.21,60.6525,61.195,59.7596,271857000.0
2020-03-20,61.795,62.9575,57.0,57.31,55.9657,401693000.0
2020-03-23,57.02,57.125,53.1525,56.0925,54.7768,336753000.0
2020-03-24,59.09,61.9225,58.575,61.72,60.2723,287531000.0
2020-03-25,62.6875,64.5625,61.075,61.38,59.9403,303602000.0
2020-03-26,61.63,64.67,61.59,64.61,63.0945,252087000.0
2020-03-27,63.1875,63.9675,61.7625,61.935,60.4823,204217000.0
2020-03-30,62.685,63.88,62.35,63.7025,62.2083,167976000.0
2020-03-31,63.9,65.6225,63.0,63.5725,62.0814,197002000.0
2020-04-01,61.625,62.18,59.7825,60.2275,58.8148,176218000.0
2020-04-02,60.085,61.2875,59.225,61.2325,59.7962,165934000.0
2020-04-03,60.7,61.425,59.7425,60.3525,58.9369,129880000.0
2020-04-06,62.725,65.7775,62.345,65.6175,64.0784,201820000.0
2020-04-07,67.7,67.925,64.75,64.8575,63.3362,202887000.0
2020-04-08,65.685,66.8425,65.3075,66.5175,64.9573,168895000.0
2020-04-09,67.175,67.5175,66.175,66.9975,65.426,161835000.0
2020-04-13,67.0775,68.425,66.4575,68.3125,66.7102,131023000.0
2020-04-14,70.0,72.0625,69.5125,71.7625,70.0792,194995000.0
2020-04-15,70.6,71.5825,70.1575,71.1075,69.4396,131154000.0
2020-04-16,71.845,72.05,70.5875,71.6725,69.9913,157125000.0
2020-04-17,71.1725,71.7375,69.215,70.7,69.0417,215250000.0
2020-04-20,69.4875,70.42,69.2125,69.2325,67.6086,130015000.0
2020-04-21,69.07,69.3125,66.3575,67.0925,65.5188,180992000.0
2020-04-22,68.4025,69.475,68.05,69.025,67.406,116862000.0
2020-04-23,68.9675,70.4375,68.7175,68.7575,67.1447,124814000.0
2020-04-24,69.3,70.7525,69.25,70.7425,69.0832,126161000.0
2020-04-27,70.45,71.135,69.9875,70.7925,69.132,117088000.0
2020-04-28,71.27,71.4575,69.55,69.645,68.0114,112005000.0
2020-04-29,71.1825,72.4175,70.9725,71.9325,70.2453,137281000.0
2020-04-30,72.49,73.6325,72.0875,73.45,71.7272,183064000.0
2020-05-01,71.5625,74.75,71.4625,72.2675,70.5724,240617000.0
2020-05-04,72.2925,73.4225,71.58,73.29,71.5709,133568000.0
2020-05-05,73.765,75.25,73.615,74.39,72.6451,147751000.0
2020-05-06,75.115,75.81,74.7175,75.1575,73.3946,142334000.0
2020-05-07,75.805,76.2925,75.4925,75.935,74.1539,115215000.0
2020-05-08,76.41,77.5875,76.0725,77.5325,75.9189,133838000.0
2020-05-11,77.025,79.2625,76.81,78.7525,77.1135,145946000.0
2020-05-12,79.4575,79.9225,77.7275,77.8525,76.2322,162301000.0
2020-05-13,78.0375,78.9875,75.8025,76.9125,75.3118,200622000.0
2020-05-14,76.1275,77.4475,75.3825,77.385,75.7744,158929000.0
2020-05-15,75.0875,76.975,75.0525,76.9275,75.3265,166348000.0
2020-05-18,78.2925,79.125,77.58,78.74,77.1012,135178000.0
2020-05-19,78.7575,79.63,78.2525,78.285,76.6557,101730000.0
2020-05-20,79.17,79.88,79.13,79.8075,78.1465,111505000.0
2020-05-21,79.665,80.2225,78.9675,79.2125,77.5639,102689000.0
2020-05-22,78.9425,79.8075,78.8375,79.7225,78.0633,81803200.0
2020-05-26,80.875,81.06,79.125,79.1825,77.5345,125522000.0
2020-05-27,79.035,79.6775,78.2725,79.5275,77.8724,112945000.0
2020-05-28,79.1925,80.86,78.9075,79.5625,77.9066,133561000.0
2020-05-29,79.8125,80.2875,79.1175,79.485,77.8307,153532000.0
2020-06-01,79.4375,80.5875,79.3025,80.4625,78.7879,80791200.0
2020-06-02,80.1875,80.86,79.7325,80.835,79.1526,87642800.0
2020-06-03,81.165,81.55,80.575,81.28,79.5884,104491000.0
2020-06-04,81.0975,81.405,80.195,80.58,78.9029,87560400.0
2020-06-05,80.8375,82.9375,80.8075,82.875,81.1502,137250000.0
2020-06-08,82.5625,83.4,81.83,83.365,81.63,95654400.0
2020-06-09,83.035,86.4025,83.0025,85.9975,84.2077,147712000.0
2020-06-10,86.975,88.6925,86.5225,88.21,86.3741,166652000.0
2020-06-11,87.3275,87.765,83.87,83.975,82.2273,201662000.0
2020-06-12,86.18,86.95,83.555,84.7,82.9372,200146000.0
2020-06-15,83.3125,86.42,83.145,85.7475,83.9629,138809000.0
2020-06-16,87.865,88.3,86.18,88.02,86.1881,165429000.0
2020-06-17,88.7875,88.85,87.7725,87.8975,86.0682,114406000.0
2020-06-18,87.8525,88.3625,87.305,87.9325,86.1024,96820400.0
2020-06-19,88.66,89.14,86.2875,87.43,85.6104,264476000.0
2020-06-22,87.835,89.865,87.7875,89.7175,87.8503,135445000.0
2020-06-23,91.0,93.095,90.5675,91.6325,89.7254,212156000.0
2020-06-24,91.25,92.1975,89.63,90.015,88.1416,192623000.0
2020-06-25,90.175,91.25,89.3925,91.21,89.3117,137522000.0
2020-06-26,91.1025,91.33,88.255,88.4075,86.5675,205257000.0
2020-06-29,88.3125,90.5425,87.82,90.445,88.5626,130646000.0
2020-06-30,90.02,91.495,90.0,91.2,89.3019,140223000.0
2020-07-01,91.28,91.84,90.9775,91.0275,89.133,110737000.0
2020-07-02,91.9625,92.6175,90.91,91.0275,89.133,114042000.0
2020-07-06,92.5,93.945,92.4675,93.4625,91.5173,118656000.0
2020-07-07,93.8525,94.655,93.0575,93.1725,91.2334,112424000.0
2020-07-08,94.18,95.375,94.09,95.3425,93.3582,117092000.0
2020-07-09,96.2625,96.3175,94.6725,95.7525,93.7597,125643000.0
2020-07-10,95.335,95.98,94.705,95.92,93.9237,90257200.0
2020-07-13,97.265,99.955,95.2575,95.4775,93.4904,191649000.0
2020-07-14,94.84,97.255,93.8775,97.0575,95.0375,170989000.0
2020-07-15,98.99,99.2475,96.49,97.725,95.6911,153198000.0
2020-07-16,96.5625,97.405,95.905,96.5225,94.5136,110578000.0
2020-07-17,96.9875,97.1475,95.84,96.3275,94.3227,92186800.0
2020-07-20,96.4175,98.5,96.0625,98.3575,96.3104,90318000.0
2020-07-21,99.1725,99.25,96.7425,97.0,94.9812,103433000.0
2020-07-22,96.6925,97.975,96.6025,97.2725,95.248,89001600.0
2020-07-23,96.9975,97.0775,92.01,92.845,90.9127,197004000.0
2020-07-24,90.9875,92.97,89.145,92.615,90.6875,185439000.0
2020-07-27,93.71,94.905,93.48,94.81,92.8368,121214000.0
2020-07-28,94.3675,94.55,93.2475,93.2525,91.3117,103626000.0
2020-07-29,93.75,95.23,93.7125,95.04,93.062,90329200.0
2020-07-30,94.1875,96.2975,93.7675,96.19,94.1881,158130000.0
2020-07-31,102.885,106.415,100.825,106.26,104.048,374337000.0
2020-08-03,108.2,111.637,107.893,108.938,106.67,308151000.0
2020-08-04,109.132,110.79,108.387,109.665,107.383,173072000.0
2020-08-05,109.378,110.393,108.897,110.062,107.772,121777000.0
2020-08-06,110.405,114.412,109.798,113.902,111.532,202429000.0
2020-08-07,113.205,113.675,110.293,111.113,108.996,198046000.0
2020-08-10,112.6,113.775,110.0,112.728,110.58,212404000.0
2020-08-11,111.97,112.482,109.107,109.375,107.292,187902000.0
2020-08-12,110.497,113.275,110.298,113.01,110.858,165598000.0
2020-08-13,114.43,116.043,113.927,115.01,112.819,210082000.0
2020-08-14,114.83,115.0,113.045,114.908,112.719,165565000.0
2020-08-17,116.062,116.088,113.963,114.607,112.425,119562000.0
2020-08-18,114.353,116.0,114.007,115.562,113.361,105634000.0
2020-08-19,115.982,117.162,115.61,115.707,113.504,145538000.0
2020-08-20,115.75,118.393,115.732,118.275,116.022,126907000.0
2020-08-21,119.262,124.868,119.25,124.37,122.001,338055000.0
2020-08-24,128.697,128.785,123.938,125.857,123.46,345938000.0
2020-08-25,124.698,125.18,123.052,124.825,122.447,211496000.0
2020-08-26,126.18,126.993,125.082,126.522,124.113,163022000.0
2020-08-27,127.143,127.485,123.832,125.01,122.629,155552000.0
2020-08-28,126.012,126.442,124.577,124.808,122.43,187630000.0
2020-08-31,127.58,131.0,126.0,129.04,126.582,225703000.0
2020-09-01,132.76,134.8,130.53,134.18,131.624,151948000.0
2020-09-02,137.59,137.98,127.0,131.4,128.897,200119000.0
2020-09-03,126.91,128.84,120.5,120.88,118.578,257600000.0
2020-09-04,120.07,123.7,110.89,120.96,118.656,332607000.0
2020-09-08,113.95,118.99,112.68,112.82,110.671,231367000.0
2020-09-09,117.26,119.14,115.26,117.32,115.085,176940000.0
2020-09-10,120.36,120.5,112.5,113.49,111.328,182274000.0
2020-09-11,114.57,115.23,110.0,112.0,109.867,180860000.0
2020-09-14,114.72,115.93,112.8,115.36,113.163,140150000.0
2020-09-15,118.33,118.83,113.61,115.54,113.339,184642000.0
2020-09-16,115.23,116.0,112.04,112.13,109.994,154679000.0
2020-09-17,109.72,112.2,108.71,110.34,108.238,178011000.0
2020-09-18,110.4,110.88,106.09,106.84,104.805,287105000.0
2020-09-21,104.54,110.19,103.1,110.08,107.983,195714000.0
2020-09-22,112.68,112.86,109.16,111.81,109.68,183055000.0
2020-09-23,111.62,112.11,106.77,107.12,105.08,150719000.0
2020-09-24,105.17,110.25,105.0,108.22,106.159,167743000.0
2020-09-25,108.43,112.44,107.67,112.28,110.141,149981000.0
2020-09-28,115.01,115.32,112.78,114.96,112.77,137672000.0
2020-09-29,114.55,115.31,113.57,114.09,111.917,99382200.0
2020-09-30,113.79,117.26,113.62,115.81,113.604,142675000.0
2020-10-01,117.64,117.72,115.83,116.79,114.566,116120000.0
2020-10-02,112.89,115.37,112.22,113.02,110.867,144712000.0
2020-10-05,113.91,116.65,113.55,116.5,114.281,106244000.0
2020-10-06,115.7,116.12,112.25,113.16,111.005,161498000.0
2020-10-07,114.62,115.55,114.13,115.08,112.888,96849000.0
2020-10-08,116.25,116.4,114.59,114.97,112.78,83477200.0
2020-10-09,115.28,117.0,114.92,116.97,114.742,100507000.0
2020-10-12,120.06,125.18,119.28,124.4,122.031,240227000.0
2020-10-13,125.27,125.39,119.65,121.1,118.793,262330000.0
2020-10-14,121.0,123.03,119.62,121.19,118.882,150712000.0
2020-10-15,118.72,121.2,118.15,120.71,118.411,112559000.0
2020-10-16,121.28,121.55,118.81,119.02,116.753,115394000.0
2020-10-19,119.96,120.42,115.66,115.98,113.771,120639000.0
2020-10-20,116.2,118.98,115.63,117.51,115.272,124424000.0
2020-10-21,116.67,118.71,116.45,116.87,114.644,89946000.0
2020-10-22,117.45,118.04,114.59,115.75,113.545,101988000.0
2020-10-23,116.39,116.55,114.28,115.04,112.849,82572600.0
2020-10-26,114.01,116.55,112.88,115.05,112.859,111851000.0
2020-10-27,115.49,117.28,114.54,116.6,114.379,92276800.0
2020-10-28,115.05,115.43,111.1,111.2,109.082,143938000.0
2020-10-29,112.37,116.93,112.2,115.32,113.124,146129000.0
2020-10-30,111.06,111.99,107.72,108.86,106.787,190273000.0
2020-11-02,109.11,110.68,107.32,108.77,106.698,122867000.0
2020-11-03,109.66,111.49,108.73,110.44,108.336,107624000.0
2020-11-04,114.14,115.59,112.35,114.95,112.761,138236000.0
2020-11-05,117.95,119.62,116.87,119.03,116.763,126387000.0
2020-11-06,118.32,119.2,116.13,118.69,116.63,114458000.0
2020-11-09,120.5,121.99,116.05,116.32,114.301,154515000.0
2020-11-10,115.55,117.59,114.13,115.97,113.957,138023000.0
2020-11-11,117.19,119.63,116.44,119.49,117.416,112295000.0
2020-11-12,119.62,120.53,118.57,119.21,117.141,103162000.0
2020-11-13,119.44,119.67,117.87,119.26,117.19,81581900.0
2020-11-16,118.92,120.99,118.15,120.3,118.212,91183000.0
2020-11-17,119.55,120.67,118.96,119.39,117.318,74271000.0
2020-11-18,118.61,119.82,118.0,118.03,115.982,76322100.0
2020-11-19,117.59,119.06,116.81,118.64,116.581,74113000.0
2020-11-20,118.64,118.77,117.29,117.34,115.304,73604300.0
2020-11-23,117.18,117.62,113.75,113.85,111.874,127959000.0
2020-11-24,113.91,115.85,112.59,115.17,113.171,113874000.0
2020-11-25,115.55,116.75,115.17,116.03,114.016,76499200.0
2020-11-27,116.57,117.49,116.22,116.59,114.567,46691300.0
2020-11-30,116.97,120.97,116.81,119.05,116.984,169410000.0
2020-12-01,121.01,123.47,120.01,122.72,120.59,127728000.0
2020-12-02,122.02,123.37,120.89,123.08,120.944,89004200.0
2020-12-03,123.52,123.78,122.21,122.94,120.806,78967600.0
2020-12-04,122.6,122.86,121.52,122.25,120.128,78260400.0
2020-12-07,122.31,124.57,122.25,123.75,121.602,86712000.0
2020-12-08,124.37,124.98,123.09,124.38,122.221,82225500.0
2020-12-09,124.53,125.95,121.0,121.78,119.667,115089000.0
2020-12-10,120.5,123.87,120.15,123.24,121.101,81312200.0
2020-12-11,122.43,122.76,120.55,122.41,120.286,86939800.0
2020-12-14,122.6,123.35,121.54,121.78,119.667,79184500.0
2020-12-15,124.34,127.9,124.13,127.88,125.661,157244000.0
2020-12-16,127.41,128.37,126.56,127.81,125.592,98208600.0
2020-12-17,128.9,129.58,128.04,128.7,126.466,94359800.0
2020-12-18,128.96,129.1,126.12,126.66,124.462,192542000.0
2020-12-21,125.02,128.31,123.45,128.23,126.005,121252000.0
2020-12-22,131.61,134.41,129.65,131.88,129.591,168905000.0
2020-12-23,132.16,132.43,130.78,130.96,128.687,88223700.0
2020-12-24,131.32,133.46,131.1,131.97,129.68,54930100.0
2020-12-28,133.99,137.34,133.51,136.69,134.318,124486000.0
2020-12-29,138.05,138.79,134.34,134.87,132.529,121047000.0
2020-12-30,135.58,135.99,133.4,133.72,131.399,96452100.0
2020-12-31,134.08,134.74,131.72,132.69,130.387,99116600.0
