Date,Open,High,Low,Close,Adj_Close,Volume
2019-12-31,325.41,326.57,323.32,325.76,323.833,4958800.0
2020-01-02,328.55,333.35,327.7,333.32,331.349,4544400.0
2020-01-03,330.63,334.89,330.3,332.76,330.792,3875900.0
2020-01-06,329.3,334.86,327.88,333.74,331.766,5355000.0
2020-01-07,334.26,344.19,330.71,337.28,335.285,9898600.0
2020-01-08,332.4,334.03,329.6,331.37,329.41,8239200.0
2020-01-09,334.95,341.73,332.05,336.34,334.351,8175600.0
2020-01-10,335.56,337.7,329.45,329.92,327.969,7161700.0
2020-01-13,332.4,334.1,330.08,330.22,328.267,5648500.0
2020-01-14,330.76,335.35,328.28,332.35,330.384,6945300.0
2020-01-15,332.35,333.11,329.69,329.8,327.849,4578300.0
2020-01-16,331.05,332.87,329.31,332.0,330.036,4024100.0
2020-01-17,332.39,332.5,323.0,324.15,322.233,11061700.0
2020-01-21,322.6,326.6,305.75,313.37,311.517,19318000.0
2020-01-22,309.82,312.84,302.72,309.0,307.172,18792600.0
2020-01-23,308.5,318.17,307.7,317.79,315.91,9702100.0
2020-01-24,322.0,326.2,312.51,323.05,321.139,17798200.0
2020-01-27,316.21,321.26,314.58,316.6,314.727,7468100.0
2020-01-28,318.05,319.36,314.0,316.56,314.688,5502200.0
2020-01-29,324.35,327.18,319.14,322.02,320.115,12454700.0
2020-01-30,320.5,325.35,317.64,323.3,321.388,6022000.0
2020-01-31,321.75,321.93,316.99,318.27,316.388,4999600.0
2020-02-03,318.75,320.74,314.88,316.0,314.131,4841800.0
2020-02-04,318.28,319.48,315.03,317.94,316.06,3779800.0
2020-02-05,320.5,329.68,319.23,329.55,327.601,6071800.0
2020-02-06,330.91,343.44,325.66,341.43,339.411,12845500.0
2020-02-07,340.37,340.74,335.69,336.75,334.758,5337800.0
2020-02-10,337.22,345.94,336.32,344.67,342.631,5876400.0
2020-02-11,347.64,348.07,342.1,344.42,342.383,5311500.0
2020-02-12,346.42,349.95,345.85,347.45,345.395,4421500.0
2020-02-13,344.32,347.89,342.63,342.82,342.82,3783100.0
2020-02-14,342.3,344.5,338.0,340.49,340.49,4199800.0
2020-02-18,338.77,339.99,336.1,338.88,338.88,2904600.0
2020-02-19,338.12,341.47,335.86,338.3,338.3,4935700.0
2020-02-20,338.29,341.24,335.39,336.28,336.28,2807500.0
2020-02-21,334.05,334.66,330.23,330.38,330.38,3709900.0
2020-02-24,320.0,321.74,316.33,317.9,317.9,6073200.0
2020-02-25,318.26,320.64,303.63,304.14,304.14,8052500.0
2020-02-26,307.0,315.22,304.06,305.59,305.59,6987300.0
2020-02-27,300.37,301.0,284.29,287.76,287.76,10982400.0
2020-02-28,278.07,282.86,269.6,275.11,275.11,15364300.0
2020-03-02,279.54,291.71,274.29,289.27,289.27,11012300.0
2020-03-03,292.0,297.44,278.08,280.62,280.62,7499300.0
2020-03-04,284.55,285.91,277.01,283.12,283.12,6986100.0
2020-03-05,275.79,276.31,259.65,260.37,260.37,14669100.0
2020-03-06,253.7,264.29,249.8,262.33,262.33,12861800.0
2020-03-09,238.0,241.48,224.37,227.17,227.17,11585500.0
2020-03-10,237.0,237.83,215.0,231.01,231.01,13059600.0
2020-03-11,222.99,226.99,187.0,189.08,189.08,28503500.0
2020-03-12,160.53,189.85,154.81,154.84,154.84,31734400.0
2020-03-13,174.97,178.28,161.38,170.2,170.2,21168500.0
2020-03-16,149.42,151.0,128.76,129.61,129.61,26844400.0
2020-03-17,132.51,134.96,101.25,124.14,124.14,54492200.0
2020-03-18,99.86,107.85,89.0,101.89,101.89,61943200.0
2020-03-19,98.8,103.57,90.35,97.71,97.71,40210600.0
2020-03-20,99.85,107.0,94.28,95.01,95.01,41370700.0
2020-03-23,98.75,114.49,93.56,105.62,105.62,46140100.0
2020-03-24,123.68,127.96,116.13,127.68,127.68,43683100.0
2020-03-25,154.9,174.77,141.0,158.73,158.73,77826000.0
2020-03-26,172.29,186.48,167.18,180.55,180.55,63267300.0
2020-03-27,172.0,172.92,155.54,162.0,162.0,47880200.0
2020-03-30,153.81,153.81,140.68,152.28,152.28,51052500.0
2020-03-31,155.0,160.64,149.0,149.14,149.14,29954000.0
2020-04-01,138.91,144.38,130.0,130.7,130.7,41899700.0
2020-04-02,128.51,136.68,120.02,123.27,123.27,42372400.0
2020-04-03,125.0,131.29,122.5,124.52,124.52,37347400.0
2020-04-06,133.7,149.69,129.21,148.77,148.77,51085500.0
2020-04-07,162.0,164.8,140.26,141.58,141.58,56699100.0
2020-04-08,147.51,154.0,144.55,146.87,146.87,41351000.0
2020-04-09,154.71,157.98,150.09,151.84,151.84,37874200.0
2020-04-13,155.5,156.0,146.26,147.33,147.33,26034100.0
2020-04-14,150.51,152.4,140.0,141.0,141.0,33970500.0
2020-04-15,139.0,148.69,132.9,145.98,145.98,39297600.0
2020-04-16,141.46,143.24,134.0,134.24,134.24,41364800.0
2020-04-17,149.41,154.0,145.0,154.0,154.0,52389400.0
2020-04-20,147.21,151.63,142.5,143.61,143.61,34983800.0
2020-04-21,139.01,141.9,135.45,136.33,136.33,27043800.0
2020-04-22,140.42,140.82,134.52,134.97,134.97,22734500.0
2020-04-23,136.5,142.38,136.05,137.74,137.74,25936400.0
2020-04-24,137.0,137.57,128.33,128.98,128.98,35884700.0
2020-04-27,129.97,131.2,123.83,128.68,128.68,34563000.0
2020-04-28,133.88,137.2,127.74,131.3,131.3,37806900.0
2020-04-29,138.08,147.18,135.25,139.0,139.0,60454400.0
2020-04-30,137.67,144.65,132.31,141.02,141.02,37876600.0
2020-05-01,143.23,143.71,132.84,133.37,133.37,36613100.0
2020-05-04,127.12,131.5,124.35,131.46,131.46,30708900.0
2020-05-05,132.88,133.8,125.0,125.4,125.4,30621000.0
2020-05-06,125.8,126.86,121.37,121.86,121.86,29627700.0
2020-05-07,122.81,130.71,122.36,128.65,128.65,29525000.0
2020-05-08,132.57,135.55,131.56,133.44,133.44,22695700.0
2020-05-11,130.92,131.0,127.95,128.91,128.91,20055400.0
2020-05-12,129.72,133.12,125.2,125.22,125.22,22579000.0
2020-05-13,125.0,125.07,119.33,121.5,121.5,26002000.0
2020-05-14,118.98,122.61,113.89,122.52,122.52,37499200.0
2020-05-15,118.33,121.89,117.78,120.0,120.0,26756800.0
2020-05-18,126.18,136.2,125.8,135.44,135.44,43781800.0
2020-05-19,137.0,137.04,130.28,130.44,130.44,32373000.0
2020-05-20,133.27,135.45,131.31,133.32,133.32,21835500.0
2020-05-21,137.0,144.24,136.15,139.0,139.0,48263900.0
2020-05-22,141.01,141.08,135.78,137.53,137.53,21098800.0
2020-05-26,145.21,145.91,142.61,144.73,144.73,30338300.0
2020-05-27,149.14,149.65,141.24,149.52,149.52,32799900.0
2020-05-28,156.1,156.7,149.05,149.82,149.82,34734300.0
2020-05-29,145.3,152.0,142.94,145.85,145.85,33853900.0
2020-06-01,145.45,153.55,144.55,151.39,151.39,27127300.0
2020-06-02,154.0,155.85,151.81,153.31,153.31,24780500.0
2020-06-03,157.1,173.78,155.49,173.16,173.16,66486400.0
2020-06-04,181.28,188.6,177.4,184.3,184.3,67155600.0
2020-06-05,205.0,218.79,197.36,205.43,205.43,99846000.0
2020-06-08,222.94,234.2,218.93,230.5,230.5,80902800.0
2020-06-09,222.14,227.0,213.08,216.74,216.74,66688700.0
2020-06-10,211.17,213.03,197.4,203.41,203.41,90384900.0
2020-06-11,179.35,192.18,166.01,170.0,170.0,103213000.0
2020-06-12,187.15,191.3,176.26,189.51,189.51,89550100.0
2020-06-15,177.18,193.23,175.89,190.94,190.94,78612900.0
2020-06-16,207.15,208.3,192.6,197.77,197.77,76496900.0
2020-06-17,194.52,196.43,191.25,192.54,192.54,53085400.0
2020-06-18,188.24,198.03,187.2,192.29,192.29,60849900.0
2020-06-19,197.9,197.96,184.57,187.02,187.02,67262100.0
2020-06-22,184.56,188.7,181.9,188.52,188.52,53901500.0
2020-06-23,189.3,190.12,183.55,187.88,187.88,50281300.0
2020-06-24,183.61,185.2,176.07,176.69,176.69,56534800.0
2020-06-25,169.87,177.5,169.59,174.88,174.88,57335700.0
2020-06-26,173.42,173.85,167.6,170.01,170.01,50644400.0
2020-06-29,181.0,194.5,176.27,194.49,194.49,78499900.0
2020-06-30,188.02,188.49,180.38,183.3,183.3,65493100.0
2020-07-01,185.88,190.61,180.04,180.32,180.32,49036700.0
2020-07-02,185.58,187.79,180.43,180.81,180.81,41792300.0
2020-07-06,184.52,189.36,181.6,187.91,187.91,49471700.0
2020-07-07,185.07,185.07,178.65,178.88,178.88,37105300.0
2020-07-08,179.05,181.58,175.51,180.08,180.08,38116200.0
2020-07-09,179.67,180.75,172.81,173.28,173.28,33514500.0
2020-07-10,171.7,179.33,169.75,178.44,178.44,40955600.0
2020-07-13,180.2,183.25,174.36,175.65,175.65,43364700.0
2020-07-14,177.0,181.3,173.41,179.96,179.96,39256200.0
2020-07-15,185.54,189.53,181.25,187.94,187.94,48044800.0
2020-07-16,184.32,184.59,177.34,178.7,178.7,35050000.0
2020-07-17,178.41,181.1,175.55,175.66,175.66,26170500.0
2020-07-20,175.13,176.57,171.62,174.42,174.42,25294300.0
2020-07-21,178.43,182.65,176.75,178.63,178.63,40740500.0
2020-07-22,176.43,182.95,175.39,179.79,179.79,29790300.0
2020-07-23,178.0,182.5,175.42,176.45,176.45,29587200.0
2020-07-24,175.68,181.1,173.6,173.76,173.76,28548000.0
2020-07-27,173.19,174.14,169.0,170.21,170.21,30243800.0
2020-07-28,168.5,173.74,168.23,170.84,170.84,25349100.0
2020-07-29,172.9,173.01,162.25,166.01,166.01,51709600.0
2020-07-30,162.88,164.55,160.64,161.95,161.95,29140000.0
2020-07-31,161.55,163.4,156.26,158.0,158.0,30263100.0
2020-08-03,156.51,163.58,153.41,162.27,162.27,38520500.0
2020-08-04,164.63,167.4,163.01,165.07,165.07,30853500.0
2020-08-05,167.6,174.98,166.4,174.28,174.28,46189200.0
2020-08-06,172.8,175.57,170.6,172.2,172.2,32921600.0
2020-08-07,171.5,171.86,168.7,170.02,170.02,19318000.0
2020-08-10,171.36,179.79,171.33,179.41,179.41,35857700.0
2020-08-11,184.51,189.97,179.53,180.13,180.13,61036600.0
2020-08-12,184.01,184.15,173.19,175.44,175.44,40674400.0
2020-08-13,173.62,179.47,172.43,174.73,174.73,22958800.0
2020-08-14,173.09,179.47,172.35,178.08,178.08,32414100.0
2020-08-17,178.24,178.29,171.41,172.01,172.01,23352100.0
2020-08-18,172.01,173.24,169.01,170.23,170.23,21488500.0
2020-08-19,170.44,174.1,169.09,169.27,169.27,25601500.0
2020-08-20,168.54,170.84,165.86,169.58,169.58,23213400.0
2020-08-21,168.35,170.08,167.27,167.5,167.5,16945900.0
2020-08-24,168.78,178.27,167.93,178.27,178.27,39317100.0
2020-08-25,180.46,180.63,172.44,174.73,174.73,31318500.0
2020-08-26,173.8,174.43,171.35,171.9,171.9,16189800.0
2020-08-27,174.71,181.31,173.56,174.2,174.2,29548100.0
2020-08-28,175.11,177.28,172.57,175.8,175.8,20383900.0
2020-08-31,174.65,175.27,171.7,171.82,171.82,16264300.0
2020-09-01,170.71,175.49,169.25,172.1,172.1,18977300.0
2020-09-02,172.74,175.0,171.45,174.78,174.78,16552100.0
2020-09-03,175.0,180.85,168.12,168.77,168.77,27799400.0
2020-09-04,171.31,172.83,164.0,171.05,171.05,18867300.0
2020-09-08,165.8,166.9,160.5,161.08,161.08,22622700.0
2020-09-09,161.61,163.06,157.0,160.78,160.78,21951400.0
2020-09-10,160.96,163.78,157.57,157.69,157.69,14532600.0
2020-09-11,158.0,161.36,156.32,160.23,160.23,14722400.0
2020-09-14,161.75,165.94,158.9,165.35,165.35,17228400.0
2020-09-15,166.65,168.84,163.33,163.49,163.49,14881700.0
2020-09-16,161.95,170.57,160.31,167.46,167.46,21851400.0
2020-09-17,164.63,168.46,161.05,167.53,167.53,19717800.0
2020-09-18,165.66,169.72,161.02,161.14,161.14,22057100.0
2020-09-21,157.83,158.83,154.2,156.35,156.35,23125300.0
2020-09-22,156.81,160.07,154.95,156.8,156.8,17768900.0
2020-09-23,157.33,160.42,150.89,151.18,151.18,18247500.0
2020-09-24,150.29,150.31,145.02,146.05,146.05,27098100.0
2020-09-25,146.85,156.31,146.42,156.03,156.03,29123000.0
2020-09-28,160.33,168.0,159.2,166.08,166.08,38868200.0
2020-09-29,164.77,165.5,162.01,163.6,163.6,19874700.0
2020-09-30,164.5,170.98,164.11,165.26,165.26,38436700.0
2020-10-01,170.15,172.76,165.57,167.86,167.86,30677100.0
2020-10-02,161.86,169.78,161.8,168.08,168.08,31773800.0
2020-10-05,169.49,172.08,167.51,171.2,171.2,19082100.0
2020-10-06,173.04,175.56,159.33,159.54,159.54,47132500.0
2020-10-07,163.71,166.34,162.38,164.61,164.61,26019100.0
2020-10-08,166.22,168.09,163.54,168.0,168.0,20598600.0
2020-10-09,169.93,170.0,166.82,167.33,167.33,17406000.0
2020-10-12,167.75,169.2,165.95,167.35,167.35,12176600.0
2020-10-13,165.36,165.53,162.09,162.14,162.14,15182600.0
2020-10-14,162.7,165.17,162.49,163.24,163.24,10505500.0
2020-10-15,161.01,164.54,158.73,164.24,164.24,13226800.0
2020-10-16,171.22,173.42,167.27,167.35,167.35,31780600.0
2020-10-19,169.09,170.84,166.11,167.11,167.11,16519600.0
2020-10-20,168.29,169.29,166.18,167.24,167.24,12319900.0
2020-10-21,166.44,167.63,163.82,163.86,163.86,11450600.0
2020-10-22,164.7,169.63,164.1,169.07,169.07,14238200.0
2020-10-23,169.99,170.26,166.05,167.36,167.36,10024200.0
2020-10-26,164.95,165.5,159.05,160.83,160.83,16151100.0
2020-10-27,159.16,160.25,155.0,155.24,155.24,15491900.0
2020-10-28,153.0,153.95,148.0,148.14,148.14,20279800.0
2020-10-29,148.03,150.1,146.6,148.29,148.29,14554300.0
2020-10-30,147.2,149.17,141.58,144.39,144.39,15374700.0
2020-11-02,145.75,149.59,143.38,148.6,148.6,13854600.0
2020-11-03,151.83,154.82,150.64,153.65,153.65,12249800.0
2020-11-04,153.17,155.4,151.17,151.63,151.63,11344700.0
2020-11-05,152.48,157.63,152.1,157.09,157.09,12328300.0
2020-11-06,156.33,158.47,154.52,157.74,157.74,8995600.0
2020-11-09,179.0,184.46,172.16,179.36,179.36,49014400.0
2020-11-10,182.8,193.95,180.38,188.69,188.69,46404300.0
2020-11-11,189.89,190.0,180.41,182.15,182.15,29907800.0
2020-11-12,178.95,184.59,176.25,176.72,176.72,20288400.0
2020-11-13,179.0,187.27,178.71,187.11,187.11,19724500.0
2020-11-16,194.56,202.94,191.35,202.4,202.4,40562800.0
2020-11-17,200.25,211.2,196.05,210.05,210.05,38299300.0
2020-11-18,223.02,223.02,203.0,203.3,203.3,65990700.0
2020-11-19,200.45,209.44,199.9,205.67,205.67,34236100.0
2020-11-20,204.59,206.58,199.17,199.62,199.62,18230900.0
2020-11-23,203.24,214.21,201.87,211.53,211.53,28372400.0
2020-11-24,219.43,222.95,215.76,218.49,218.49,31132000.0
2020-11-25,217.71,221.0,213.09,217.61,217.61,19254100.0
2020-11-27,218.25,219.93,216.04,216.5,216.5,9970200.0
2020-11-30,215.7,217.78,208.52,210.71,210.71,16501900.0
2020-12-01,214.31,218.09,213.0,213.01,213.01,15754200.0
2020-12-02,213.01,224.99,210.3,223.85,223.85,25912300.0
2020-12-03,228.3,242.0,226.53,237.2,237.2,45945100.0
2020-12-04,236.36,238.18,230.25,232.71,232.71,29378400.0
2020-12-07,238.5,244.08,237.11,238.17,238.17,33246700.0
2020-12-08,238.7,241.7,234.46,236.57,236.57,19682000.0
2020-12-09,238.64,240.84,228.28,232.06,232.06,19043600.0
2020-12-10,228.1,237.01,228.02,234.43,234.43,16185000.0
2020-12-11,232.82,236.22,228.33,230.33,230.33,17311800.0
2020-12-14,235.0,237.63,228.37,228.62,228.62,19231200.0
2020-12-15,230.0,232.5,224.36,229.5,229.5,18993700.0
2020-12-16,229.33,232.37,225.3,225.87,225.87,17858400.0
2020-12-17,227.24,228.49,220.53,221.24,221.24,17465600.0
2020-12-18,222.05,223.46,218.61,219.75,219.75,19092800.0
2020-12-21,212.34,219.43,211.1,219.31,219.31,18726500.0
2020-12-22,223.28,223.89,217.7,218.78,218.78,13280000.0
2020-12-23,219.55,224.4,219.32,219.69,219.69,10869000.0
2020-12-24,219.62,219.88,216.05,217.15,217.15,6398500.0
2020-12-28,218.19,219.2,215.16,216.09,216.09,9090600.0
2020-12-29,218.3,221.68,215.4,216.25,216.25,14593800.0
2020-12-30,216.36,218.55,214.37,216.67,216.67,10812600.0
2020-12-31,216.24,216.9,212.7,214.06,214.06,10487600.0
