Date,Open,High,Low,Close,Adj_Close,Volume
2019-12-31,143.67,144.77,143.26,144.63,144.16,5662900.0
2020-01-02,145.29,148.2,145.1,148.2,147.719,9502100.0
2020-01-03,146.4,147.9,146.05,146.5,146.024,7320200.0
2020-01-06,145.54,146.03,144.31,145.65,145.177,8262500.0
2020-01-07,145.99,146.87,145.42,145.7,145.227,6906500.0
2020-01-08,145.49,146.13,144.82,145.4,144.928,6984200.0
2020-01-09,146.47,146.63,144.61,144.83,144.36,6664200.0
2020-01-10,145.3,145.5,144.26,144.62,144.15,5152500.0
2020-01-13,144.75,144.75,143.36,143.88,143.413,9921300.0
2020-01-14,143.41,146.72,142.29,145.2,144.728,14839100.0
2020-01-15,145.71,145.71,143.93,144.32,143.851,6818200.0
2020-01-16,145.09,145.43,144.44,145.12,144.649,6948400.0
2020-01-17,145.54,145.64,144.01,144.33,143.861,10355300.0
2020-01-21,144.24,144.59,143.01,143.56,143.094,9250200.0
2020-01-22,144.45,144.79,143.54,144.01,143.542,7550000.0
2020-01-23,143.6,143.61,140.65,142.2,141.738,11082000.0
2020-01-24,141.4,142.25,139.2,140.08,139.625,13076300.0
2020-01-27,135.86,137.73,135.0,135.9,135.459,12831800.0
2020-01-28,136.5,138.93,135.86,138.37,137.921,10390000.0
2020-01-29,138.6,138.68,135.79,136.06,135.618,9382700.0
2020-01-30,135.09,137.85,134.83,137.81,137.362,11847300.0
2020-01-31,138.4,138.67,137.06,138.31,137.861,12379100.0
2020-02-03,139.79,141.82,139.75,141.32,140.861,12639900.0
2020-02-04,145.49,145.59,143.25,144.73,144.26,23519700.0
2020-02-05,146.6,147.3,138.57,141.37,140.911,27824100.0
2020-02-06,141.92,143.95,141.22,142.7,142.236,9504600.0
2020-02-07,141.89,141.99,140.12,141.02,140.562,10948900.0
2020-02-10,141.03,142.59,140.46,142.59,142.127,8162100.0
2020-02-11,142.85,142.99,140.46,141.01,140.552,10790100.0
2020-02-12,141.34,142.22,140.87,141.85,141.389,8168200.0
2020-02-13,141.17,141.9,140.82,140.9,140.442,7543100.0
2020-02-14,141.1,141.28,139.13,139.54,139.087,9110500.0
2020-02-18,139.02,139.66,138.1,139.14,138.688,8214900.0
2020-02-19,139.63,141.87,139.23,141.3,140.841,7080900.0
2020-02-20,141.63,141.63,138.85,140.37,139.914,5981700.0
2020-02-21,139.86,139.88,138.58,138.97,138.519,7725800.0
2020-02-24,132.9,134.44,131.21,133.01,132.578,19336500.0
2020-02-25,133.75,133.94,127.98,128.19,127.774,21032500.0
2020-02-26,126.12,128.37,122.13,123.36,122.959,31195900.0
2020-02-27,119.81,122.9,117.92,118.04,117.657,30827500.0
2020-02-28,114.51,118.31,113.21,117.65,117.268,35389900.0
2020-03-02,119.13,119.98,116.03,119.98,119.59,21775900.0
2020-03-03,121.15,121.78,115.15,116.45,116.072,19529700.0
2020-03-04,118.96,119.24,115.48,119.18,118.793,13842100.0
2020-03-05,116.86,116.96,112.11,113.98,113.61,22397200.0
2020-03-06,110.76,115.87,110.32,115.27,114.896,22899600.0
2020-03-09,108.69,110.43,104.28,104.35,104.011,26233600.0
2020-03-10,108.1,111.58,102.43,111.46,111.098,24083700.0
2020-03-11,108.42,108.9,102.86,105.51,105.167,24771300.0
2020-03-12,97.62,100.0,91.64,91.81,91.5117,40392900.0
2020-03-13,100.78,102.87,92.25,102.52,102.187,40960100.0
2020-03-16,91.8,98.28,90.0,95.01,94.7014,35379500.0
2020-03-17,95.8,97.46,91.15,93.53,93.2262,27526200.0
2020-03-18,87.59,89.34,79.07,88.8,88.5115,43592500.0
2020-03-19,88.0,97.4,85.11,94.93,94.6216,30866800.0
2020-03-20,95.99,96.99,85.84,85.98,85.7007,31957800.0
2020-03-23,84.49,87.28,81.09,85.76,85.4814,32246600.0
2020-03-24,92.33,99.17,91.8,98.12,97.8013,32538100.0
2020-03-25,100.66,105.92,95.51,100.73,100.403,28533000.0
2020-03-26,100.83,107.73,100.8,105.36,105.018,24520300.0
2020-03-27,100.45,101.49,95.54,96.4,96.0868,30591500.0
2020-03-30,96.0,100.46,92.1,99.8,99.4758,23119200.0
2020-03-31,100.22,103.16,96.16,96.6,96.2862,21563200.0
2020-04-01,93.5,97.4,92.56,94.92,94.6116,18303900.0
2020-04-02,94.2,97.26,94.2,96.97,96.655,13936500.0
2020-04-03,96.31,96.92,92.71,93.88,93.575,14814600.0
2020-04-06,97.26,100.19,94.52,99.58,99.2565,20407400.0
2020-04-07,104.86,105.89,100.25,101.24,100.911,22899600.0
2020-04-08,100.53,102.35,98.65,101.07,100.742,22562500.0
2020-04-09,107.92,107.99,103.53,104.5,104.161,31453600.0
2020-04-13,104.71,104.87,99.61,103.5,103.164,17306000.0
2020-04-14,105.5,107.64,103.9,106.03,105.686,19866900.0
2020-04-15,104.39,104.88,102.7,103.37,103.034,14157600.0
2020-04-16,103.53,103.72,100.89,102.02,101.689,18029300.0
2020-04-17,106.21,106.79,104.35,106.63,106.284,17926900.0
2020-04-20,103.58,104.86,102.0,102.26,101.928,17021000.0
2020-04-21,100.01,101.51,99.13,100.54,100.213,16101400.0
2020-04-22,101.8,102.63,100.89,100.99,100.662,11463800.0
2020-04-23,100.65,102.53,99.46,101.0,100.672,17132200.0
2020-04-24,101.78,101.92,99.52,101.19,100.861,13614100.0
2020-04-27,102.0,106.52,101.61,106.06,105.715,15518300.0
2020-04-28,108.79,110.06,105.98,106.21,105.865,16503700.0
2020-04-29,109.94,112.7,108.56,112.25,111.885,20139800.0
2020-04-30,109.44,110.31,106.86,108.15,107.799,18638700.0
2020-05-01,106.36,106.91,104.47,105.5,105.157,13209100.0
2020-05-04,102.01,103.83,100.55,103.18,102.845,19514800.0
2020-05-05,101.51,105.18,100.9,101.06,100.732,30169800.0
2020-05-06,101.48,105.27,98.86,100.88,100.552,51992400.0
2020-05-07,101.85,105.61,101.83,105.57,105.227,20868800.0
2020-05-08,109.05,109.18,106.63,109.16,108.805,24079700.0
2020-05-11,108.4,108.81,106.41,107.77,107.42,20555900.0
2020-05-12,109.06,109.44,104.49,104.56,104.22,17049700.0
2020-05-13,104.5,104.54,101.6,102.92,102.586,21085800.0
2020-05-14,101.98,105.92,99.66,105.91,105.566,22002200.0
2020-05-15,104.98,109.38,104.27,109.05,108.696,29766000.0
2020-05-18,114.47,119.78,114.47,116.85,116.47,40044600.0
2020-05-19,115.1,116.47,113.42,114.37,113.998,20332600.0
2020-05-20,116.42,120.87,116.04,119.92,119.53,25749900.0
2020-05-21,119.34,120.3,116.5,117.83,117.447,17578300.0
2020-05-22,117.5,118.57,116.83,118.02,117.637,9288200.0
2020-05-26,121.05,122.51,120.43,120.95,120.557,16466400.0
2020-05-27,123.68,123.78,119.71,121.53,121.135,19345400.0
2020-05-28,121.6,121.98,116.0,116.75,116.371,18606000.0
2020-05-29,116.19,117.75,114.12,117.3,116.919,17745100.0
2020-06-01,117.26,119.65,116.93,118.77,118.384,10538300.0
2020-06-02,119.0,119.85,117.83,118.75,118.364,10753100.0
2020-06-03,119.99,122.45,119.32,122.18,121.783,12584300.0
2020-06-04,121.95,124.5,121.85,123.69,123.288,14195100.0
2020-06-05,126.31,127.82,124.28,124.82,124.415,16581600.0
2020-06-08,125.1,127.44,123.94,127.28,126.867,13858100.0
2020-06-09,125.63,125.79,123.51,123.89,123.488,10882800.0
2020-06-10,124.02,124.1,120.93,122.18,121.783,11497100.0
2020-06-11,117.6,118.0,112.25,112.64,112.274,26078800.0
2020-06-12,115.17,117.0,112.89,115.49,115.115,18361900.0
2020-06-15,112.08,118.12,111.71,117.08,116.7,14156400.0
2020-06-16,121.24,121.5,116.05,118.44,118.055,12951200.0
2020-06-17,118.64,119.23,117.14,117.65,117.268,8921600.0
2020-06-18,116.88,118.53,115.93,118.37,117.985,9577300.0
2020-06-19,119.98,120.12,114.35,114.35,113.979,23496300.0
2020-06-22,114.19,116.19,113.11,115.92,115.543,12868000.0
2020-06-23,116.96,117.45,115.97,116.59,116.211,10187600.0
2020-06-24,115.85,116.0,110.03,112.07,111.706,22252500.0
2020-06-25,108.99,111.51,108.5,111.36,110.998,17240400.0
2020-06-26,110.95,111.2,108.02,109.1,108.746,15270900.0
2020-06-29,109.0,111.57,108.1,111.52,111.158,12584300.0
2020-06-30,111.5,112.05,109.93,111.51,111.148,10565900.0
2020-07-01,112.82,115.6,112.29,113.01,112.643,11930900.0
2020-07-02,115.0,115.1,112.0,112.18,111.816,10312000.0
2020-07-06,113.83,114.53,112.9,114.43,114.058,11933400.0
2020-07-07,113.63,115.08,112.61,113.63,113.261,10836500.0
2020-07-08,113.48,117.13,112.81,116.66,116.281,13629500.0
2020-07-09,116.51,117.85,115.38,116.81,116.431,13582900.0
2020-07-10,116.83,119.44,116.21,119.34,118.952,14207900.0
2020-07-13,119.94,120.13,115.89,116.22,115.842,15620200.0
2020-07-14,115.23,119.08,114.54,118.66,118.275,12425100.0
2020-07-15,121.63,122.09,119.7,120.9,120.507,15314200.0
2020-07-16,117.72,119.99,117.6,119.43,119.042,10210100.0
2020-07-17,118.9,119.56,117.06,118.65,118.265,9843500.0
2020-07-20,118.05,118.49,116.82,117.79,117.407,8947900.0
2020-07-21,118.05,120.39,117.66,118.62,118.235,8946300.0
2020-07-22,118.19,119.3,117.93,119.03,118.643,7063300.0
2020-07-23,118.86,119.35,117.01,118.12,117.736,7255800.0
2020-07-24,115.7,118.21,115.53,117.61,117.228,8233300.0
2020-07-27,117.2,117.42,115.68,116.31,115.932,9413000.0
2020-07-28,115.46,116.84,114.68,116.18,115.803,6821100.0
2020-07-29,116.22,116.71,115.11,115.61,115.234,9496500.0
2020-07-30,114.91,116.29,113.37,115.66,115.284,9713500.0
2020-07-31,115.22,117.05,114.12,116.94,116.56,9601000.0
2020-08-03,116.17,117.12,115.35,116.35,115.972,10229200.0
2020-08-04,115.96,118.35,115.76,117.29,116.909,17293900.0
2020-08-05,123.37,130.31,123.28,127.61,127.195,53000200.0
2020-08-06,126.96,131.63,125.61,130.82,130.395,27238000.0
2020-08-07,130.22,131.94,128.66,129.93,129.508,16088600.0
2020-08-10,129.75,131.32,128.49,128.79,128.372,8529200.0
2020-08-11,130.53,132.76,130.0,130.49,130.066,13885700.0
2020-08-12,130.67,133.0,130.49,131.79,131.362,12204200.0
2020-08-13,130.64,132.35,130.45,130.96,130.535,6468600.0
2020-08-14,130.01,131.08,129.74,130.53,130.106,6507600.0
2020-08-17,130.1,130.14,128.54,129.37,128.95,7492200.0
2020-08-18,129.44,129.59,128.36,128.92,128.501,6714600.0
2020-08-19,129.25,130.22,127.43,127.77,127.355,7624200.0
2020-08-20,126.8,128.45,126.53,128.12,127.704,4918100.0
2020-08-21,127.72,128.31,127.23,127.44,127.026,6064700.0
2020-08-24,128.15,130.88,127.93,130.69,130.265,7613600.0
2020-08-25,130.83,131.09,129.31,129.79,129.368,5494400.0
2020-08-26,130.0,132.6,129.52,132.18,131.751,8447800.0
2020-08-27,133.0,136.36,132.82,133.73,133.296,13667600.0
2020-08-28,134.5,136.8,133.58,135.54,135.1,11020100.0
2020-08-31,135.25,135.54,131.25,131.87,131.442,11617500.0
2020-09-01,131.92,133.61,130.89,133.55,133.116,7351200.0
2020-09-02,133.63,135.92,133.26,135.39,134.95,8187800.0
2020-09-03,135.24,137.24,132.02,133.24,132.807,12079200.0
2020-09-04,133.75,134.88,129.42,131.99,131.561,11248300.0
2020-09-08,131.99,137.14,130.86,134.2,133.764,17257300.0
2020-09-09,134.28,135.55,132.26,133.36,132.927,8891800.0
2020-09-10,133.58,136.75,132.74,133.22,132.787,9853400.0
2020-09-11,133.74,133.74,131.09,131.75,131.322,7165300.0
2020-09-14,132.53,132.93,130.9,131.25,130.824,8391900.0
2020-09-15,131.46,132.54,131.01,131.24,130.814,7289100.0
2020-09-16,132.17,133.62,131.4,132.09,131.661,6601000.0
2020-09-17,130.55,131.77,128.6,130.22,129.797,6723500.0
2020-09-18,129.5,130.79,128.12,128.63,128.212,9916300.0
2020-09-21,125.98,126.89,123.59,125.41,125.003,10352700.0
2020-09-22,125.26,127.47,124.7,127.21,126.797,6978800.0
2020-09-23,127.07,127.3,122.9,123.28,122.88,8323600.0
2020-09-24,121.93,123.8,120.78,122.49,122.092,8480000.0
2020-09-25,121.36,124.19,120.98,124.0,123.597,6851800.0
2020-09-28,125.75,126.86,125.37,125.99,125.581,6283700.0
2020-09-29,125.92,126.29,123.68,125.4,124.993,7405800.0
2020-09-30,123.24,125.55,123.24,124.08,123.677,13642500.0
2020-10-01,124.94,125.47,122.42,123.31,122.909,8908300.0
2020-10-02,121.99,123.68,121.69,122.55,122.152,6490200.0
2020-10-05,123.26,123.6,122.33,123.37,122.969,5919200.0
2020-10-06,123.13,124.19,120.61,120.93,120.537,9052000.0
2020-10-07,121.95,123.31,120.93,122.91,122.511,10187800.0
2020-10-08,123.58,123.75,122.42,123.09,122.69,7404600.0
2020-10-09,123.85,125.55,123.33,124.98,124.574,11502200.0
2020-10-12,124.9,125.94,123.73,124.97,124.564,10958200.0
2020-10-13,129.8,131.36,127.9,128.96,128.541,22389000.0
2020-10-14,129.14,129.5,125.29,126.59,126.179,11531500.0
2020-10-15,125.0,127.4,124.43,127.36,126.946,7744000.0
2020-10-16,127.81,128.12,126.33,126.81,126.398,6291700.0
2020-10-19,127.37,127.4,123.71,124.23,123.826,6576900.0
2020-10-20,124.58,125.73,123.64,124.95,124.544,6161200.0
2020-10-21,124.36,127.56,123.84,126.63,126.219,6591500.0
2020-10-22,126.67,128.1,125.97,127.56,127.146,5177700.0
2020-10-23,128.1,128.5,126.35,128.35,127.933,5439900.0
2020-10-26,127.11,127.11,122.95,124.06,123.657,8578900.0
2020-10-27,124.03,124.61,123.03,123.31,122.909,6813800.0
2020-10-28,121.01,121.53,118.32,118.47,118.085,11654700.0
2020-10-29,118.16,122.63,117.23,121.54,121.145,9583700.0
2020-10-30,120.64,121.75,119.09,121.25,120.856,8090200.0
2020-11-02,122.24,122.93,119.81,120.13,119.74,9186000.0
2020-11-03,121.61,125.07,121.37,124.02,123.617,8144900.0
2020-11-04,123.58,126.86,123.41,125.07,124.664,7483000.0
2020-11-05,126.78,128.62,125.8,126.96,126.548,7654800.0
2020-11-06,126.26,128.04,124.61,127.46,127.046,6259700.0
2020-11-09,140.26,147.68,138.07,142.59,142.127,35634700.0
2020-11-10,139.97,142.37,137.67,142.11,141.648,18115400.0
2020-11-11,141.47,142.0,136.62,137.82,137.372,9600900.0
2020-11-12,136.34,138.49,134.1,135.52,135.08,13768200.0
2020-11-13,140.9,141.19,136.52,138.36,137.911,21062300.0
2020-11-16,141.57,144.74,141.57,144.67,144.2,16382500.0
2020-11-17,144.4,144.83,142.56,144.5,144.031,9354900.0
2020-11-18,144.5,145.48,143.35,143.9,143.433,9456200.0
2020-11-19,142.57,143.3,141.7,141.72,141.26,8892500.0
2020-11-20,141.71,142.61,140.86,141.07,140.612,8481600.0
2020-11-23,142.45,147.75,141.7,145.98,145.506,12887000.0
2020-11-24,148.16,151.86,147.85,151.49,150.998,16711700.0
2020-11-25,150.27,150.27,147.24,149.09,148.606,9552000.0
2020-11-27,149.0,150.35,146.53,147.13,146.652,5306400.0
2020-11-30,147.06,148.69,146.29,148.01,147.529,9710100.0
2020-12-01,149.57,151.4,149.0,149.44,148.955,8825500.0
2020-12-02,149.49,154.01,148.34,153.61,153.111,10601900.0
2020-12-03,153.45,154.44,152.13,153.24,152.742,9063200.0
2020-12-04,153.69,154.68,152.81,154.14,153.639,6033300.0
2020-12-07,153.18,153.88,152.26,153.68,153.181,6815500.0
2020-12-08,152.42,154.88,152.25,153.72,153.221,7900600.0
2020-12-09,156.29,157.46,153.89,154.43,153.928,10804300.0
2020-12-10,153.32,155.34,152.5,154.69,154.187,8993200.0
2020-12-11,169.68,179.45,165.33,175.72,175.149,87410700.0
2020-12-14,173.8,177.3,168.81,169.3,168.75,30939400.0
2020-12-15,170.49,174.47,167.82,173.94,173.375,18802600.0
2020-12-16,173.99,174.85,171.62,173.12,172.558,11105800.0
2020-12-17,173.82,174.84,171.96,173.55,172.986,9004600.0
2020-12-18,173.6,175.84,172.28,172.89,172.328,21172100.0
2020-12-21,170.09,171.94,168.19,170.69,170.136,11424200.0
2020-12-22,170.0,171.45,169.16,170.45,169.896,6419200.0
2020-12-23,172.96,175.95,172.3,173.55,172.986,9994000.0
2020-12-24,173.99,174.58,172.38,173.73,173.166,2721000.0
2020-12-28,175.75,179.92,175.05,178.86,178.279,13145400.0
2020-12-29,180.01,180.2,176.22,177.3,176.724,6875400.0
2020-12-30,178.5,183.4,178.37,181.17,180.581,11680400.0
2020-12-31,181.22,183.4,180.27,181.18,180.591,7073500.0
