Date,Open,High,Low,Close,Adj_Close,Volume
2019-12-31,27.0,28.086,26.8053,27.8887,27.8887,154286000.0
2020-01-02,28.3,28.7133,28.114,28.684,28.684,142982000.0
2020-01-03,29.3667,30.2667,29.128,29.534,29.534,266678000.0
2020-01-06,29.3647,30.104,29.3333,30.1027,30.1027,151995000.0
2020-01-07,30.76,31.442,30.224,31.2707,31.2707,268232000.0
2020-01-08,31.58,33.2327,31.2153,32.8093,32.8093,467165000.0
2020-01-09,33.14,33.2533,31.5247,32.0893,32.0893,426606000.0
2020-01-10,32.1193,32.3293,31.58,31.8767,31.8767,194392000.0
2020-01-13,32.9,35.042,32.8,34.9907,34.9907,397764000.0
2020-01-14,36.284,36.494,34.9933,35.8613,35.8613,434943000.0
2020-01-15,35.3173,35.856,34.4527,34.5667,34.5667,260532000.0
2020-01-16,32.9167,34.2973,32.8113,34.2327,34.2327,326050000.0
2020-01-17,33.8407,34.378,33.544,34.0333,34.0333,204436000.0
2020-01-21,35.35,36.572,35.2273,36.48,36.48,267052000.0
2020-01-22,38.126,39.6333,37.2733,37.9707,37.9707,470535000.0
2020-01-23,37.6167,38.8,37.04,38.1467,38.1467,294765000.0
2020-01-24,38.042,38.2573,36.9507,37.6547,37.6547,215304000.0
2020-01-27,36.1327,37.6293,35.952,37.2013,37.2013,204122000.0
2020-01-28,37.8993,38.454,37.2053,37.7933,37.7933,176828000.0
2020-01-29,38.3793,39.32,37.8287,38.7327,38.7327,267022000.0
2020-01-30,42.1613,43.392,41.2,42.7207,42.7207,435086000.0
2020-01-31,42.6667,43.5333,42.168,43.3713,43.3713,235790000.0
2020-02-03,44.9127,52.4093,44.9013,52.0,52.0,705975000.0
2020-02-04,58.864,64.5993,55.592,59.1373,59.1373,914082000.0
2020-02-05,54.884,56.3987,46.9407,48.98,48.98,726357000.0
2020-02-06,46.6613,53.0553,45.8,49.9307,49.9307,598212000.0
2020-02-07,48.7033,51.3167,48.6667,49.8713,49.8713,255952000.0
2020-02-10,53.3333,54.666,50.16,51.4187,51.4187,370338000.0
2020-02-11,51.2527,52.234,50.5333,51.6253,51.6253,175462000.0
2020-02-12,51.858,52.65,50.8913,51.1527,51.1527,180338000.0
2020-02-13,49.456,54.5333,49.0,53.6,53.6,394339000.0
2020-02-14,52.4813,54.198,52.3667,53.3353,53.3353,235406000.0
2020-02-18,56.1067,57.3333,55.4907,57.2267,57.2267,245726000.0
2020-02-19,61.5667,62.9853,60.068,61.1613,61.1613,381345000.0
2020-02-20,60.7967,60.8,57.3293,59.9607,59.9607,264524000.0
2020-02-21,60.4653,60.8707,58.6967,60.0667,60.0667,214722000.0
2020-02-24,55.9333,57.5667,54.8133,55.586,55.586,227883000.0
2020-02-25,56.6,57.1067,52.4667,53.3273,53.3273,259358000.0
2020-02-26,52.1667,54.2207,51.7407,51.92,51.92,211282000.0
2020-02-27,48.6667,49.318,44.6,45.2667,45.2667,364158000.0
2020-02-28,41.98,46.0347,40.768,44.5327,44.5327,363343000.0
2020-03-02,47.4173,49.5793,45.778,49.5747,49.5747,302925000.0
2020-03-03,53.6667,53.7987,47.7407,49.7007,49.7007,386760000.0
2020-03-04,50.9307,51.1013,48.3153,49.9667,49.9667,225735000.0
2020-03-05,48.2513,49.7167,47.8713,48.3027,48.3027,162790000.0
2020-03-06,46.0,47.1333,45.618,46.8987,46.8987,189944000.0
2020-03-09,40.3593,44.2,40.3333,40.5333,40.5333,256106000.0
2020-03-10,43.962,44.5333,40.5333,43.022,43.022,233916000.0
2020-03-11,42.68,43.572,40.8667,42.282,42.282,199838000.0
2020-03-12,38.726,39.6333,36.4167,37.37,37.37,283637000.0
2020-03-13,39.6667,40.5047,33.4667,36.4413,36.4413,339605000.0
2020-03-16,31.3,32.9913,29.478,29.6713,29.6713,307342000.0
2020-03-17,29.334,31.4567,26.4,28.68,28.68,359919000.0
2020-03-18,25.9333,26.9907,23.3673,24.0813,24.0813,356793000.0
2020-03-19,24.98,30.1333,23.8973,28.5093,28.5093,452933000.0
2020-03-20,29.2133,31.8,28.386,28.502,28.502,424282000.0
2020-03-23,28.9067,29.4667,27.3667,28.9527,28.9527,246818000.0
2020-03-24,31.82,34.246,31.6,33.6667,33.6667,343428000.0
2020-03-25,36.35,37.1333,34.074,35.95,35.95,318341000.0
2020-03-26,36.4927,37.3333,34.15,35.2107,35.2107,260710000.0
2020-03-27,33.6667,35.0533,32.9353,34.2907,34.2907,215661000.0
2020-03-30,34.0173,34.4433,32.7487,33.4753,33.4753,179972000.0
2020-03-31,33.4167,36.1973,33.1333,34.9333,34.9333,266572000.0
2020-04-01,33.6,34.2633,31.6733,32.104,32.104,200298000.0
2020-04-02,32.0687,32.9507,29.76,30.298,30.298,297876000.0
2020-04-03,33.9667,34.366,31.226,32.0007,32.0007,338431000.0
2020-04-06,34.08,34.7333,33.1973,34.416,34.416,223527000.0
2020-04-07,36.3333,37.6667,35.4893,36.3633,36.3633,268797000.0
2020-04-08,36.9467,37.1473,35.5553,36.5893,36.5893,189840000.0
2020-04-09,37.4727,38.3453,37.1407,38.2,38.2,204750000.0
2020-04-13,39.344,43.4667,38.702,43.3967,43.3967,337131000.0
2020-04-14,46.598,49.4587,46.162,47.326,47.326,458647000.0
2020-04-15,49.4667,50.2087,47.3333,48.6553,48.6553,353655000.0
2020-04-16,47.796,50.63,47.1147,49.6807,49.6807,309869000.0
2020-04-17,51.4853,51.6633,49.844,50.2593,50.2593,196923000.0
2020-04-20,48.8467,51.038,47.4807,49.7573,49.7573,221199000.0
2020-04-21,48.6747,50.222,44.9193,45.7813,45.7813,303137000.0
2020-04-22,46.932,48.9333,45.914,48.8073,48.8073,212482000.0
2020-04-23,48.5067,48.9333,46.8753,47.042,47.042,198550000.0
2020-04-24,47.3873,48.7153,46.5453,48.3433,48.3433,198180000.0
2020-04-27,49.174,53.2993,49.0,53.25,53.25,310221000.0
2020-04-28,53.0427,53.6667,50.446,51.2747,51.2747,228330000.0
2020-04-29,52.678,53.5467,52.2107,53.3673,53.3673,243240000.0
2020-04-30,57.0127,57.988,50.9,52.1253,52.1253,427078000.0
2020-05-01,50.3333,51.518,45.536,46.7547,46.7547,487977000.0
2020-05-04,46.7333,50.8,46.5333,50.746,50.746,288557000.0
2020-05-05,52.6527,53.2613,50.812,51.214,51.214,254876000.0
2020-05-06,51.7667,52.6533,50.7407,52.172,52.172,166848000.0
2020-05-07,51.814,53.0933,51.49,52.0027,52.0027,172916000.0
2020-05-08,52.918,54.9333,52.4673,54.628,54.628,241298000.0
2020-05-11,52.7007,54.9333,52.3333,54.086,54.086,247794000.0
2020-05-12,55.1333,56.2193,53.8667,53.9607,53.9607,238604000.0
2020-05-13,54.722,55.0667,50.8867,52.7307,52.7307,285982000.0
2020-05-14,52.0,53.5573,50.9333,53.5553,53.5553,205233000.0
2020-05-15,52.69,53.67,52.4367,53.278,53.278,157776000.0
2020-05-18,55.1853,55.648,53.592,54.242,54.242,174987000.0
2020-05-19,54.3447,54.8047,53.7387,53.8673,53.8673,144548000.0
2020-05-20,54.7,55.0667,54.12,54.3707,54.3707,109640000.0
2020-05-21,54.4,55.5,53.0667,55.1733,55.1733,183819000.0
2020-05-22,54.8113,55.452,54.1333,54.4587,54.4587,149812000.0
2020-05-26,55.6333,55.64,54.3807,54.5913,54.5913,121346000.0
2020-05-27,54.724,55.1807,52.3333,54.682,54.682,173242000.0
2020-05-28,54.234,54.9833,53.446,53.7207,53.7207,108834000.0
2020-05-29,53.9167,55.6667,53.614,55.6667,55.6667,176468000.0
2020-06-01,57.2,59.9333,56.94,59.8733,59.8733,224092000.0
2020-06-02,59.6467,60.5773,58.0667,58.7707,58.7707,203484000.0
2020-06-03,59.208,59.8627,58.6733,58.864,58.864,119242000.0
2020-06-04,59.3253,59.7167,57.2293,57.6253,57.6253,133316000.0
2020-06-05,58.5227,59.1013,57.7467,59.044,59.044,117178000.0
2020-06-08,61.2667,63.3333,60.6107,63.328,63.328,212620000.0
2020-06-09,62.6673,63.6293,61.5953,62.7113,62.7113,170823000.0
2020-06-10,66.1253,68.4987,65.5,68.3367,68.3367,278451000.0
2020-06-11,66.0133,67.9307,64.8,64.856,64.856,238748000.0
2020-06-12,65.3333,65.8653,60.84,62.352,62.352,251451000.0
2020-06-15,61.186,66.5893,60.5667,66.06,66.06,235458000.0
2020-06-16,67.4567,67.5253,64.1593,65.4753,65.4753,210766000.0
2020-06-17,65.8473,67.0,65.5047,66.1193,66.1193,148362000.0
2020-06-18,66.8667,67.9467,66.298,66.9307,66.9307,146278000.0
2020-06-19,67.5187,67.7313,66.0893,66.7267,66.7267,130196000.0
2020-06-22,66.6633,67.2587,66.0013,66.288,66.288,95436000.0
2020-06-23,66.592,67.4667,66.2673,66.7853,66.7853,95479500.0
2020-06-24,66.274,66.7253,63.5427,64.0567,64.0567,164394000.0
2020-06-25,63.618,65.732,62.4767,65.732,65.732,138818000.0
2020-06-26,66.3187,66.3333,63.658,63.9827,63.9827,132824000.0
2020-06-29,64.6007,67.3333,63.2347,67.29,67.29,135396000.0
2020-06-30,67.1,72.5127,66.9153,71.9873,71.9873,253778000.0
2020-07-01,72.2,75.6887,72.0333,74.642,74.642,199904000.0
2020-07-02,81.432,81.8667,79.04,80.5773,80.5773,258752000.0
2020-07-06,85.1127,91.8527,84.4027,91.4387,91.4387,308549000.0
2020-07-07,93.6673,95.3,89.114,92.6573,92.6573,322346000.0
2020-07-08,93.6667,94.484,87.4227,91.0587,91.0587,244670000.0
2020-07-09,93.1327,93.904,90.0853,92.952,92.952,175764000.0
2020-07-10,93.0667,103.261,91.734,102.977,102.977,350064000.0
2020-07-13,110.6,119.666,98.074,99.804,99.804,584781000.0
2020-07-14,103.733,106.0,95.4,101.12,101.12,351271000.0
2020-07-15,102.867,103.333,97.1333,103.067,103.067,245517000.0
2020-07-16,98.4773,102.114,97.7333,100.043,100.043,214512000.0
2020-07-17,100.897,102.501,99.3333,100.056,100.056,139950000.0
2020-07-20,101.267,110.0,99.2,109.533,109.533,256821000.0
2020-07-21,109.329,111.667,103.867,104.557,104.557,241608000.0
2020-07-22,106.6,108.428,104.133,106.155,106.155,212416000.0
2020-07-23,111.93,112.6,98.718,100.871,100.871,364927000.0
2020-07-24,94.4007,97.6667,91.1027,94.4667,94.4667,290949000.0
2020-07-27,95.6667,103.196,94.2,102.64,102.64,240730000.0
2020-07-28,100.267,104.313,98.2947,98.4327,98.4327,237130000.0
2020-07-29,100.067,102.321,99.1333,99.9407,99.9407,141404000.0
2020-07-30,99.2,100.883,98.0667,99.166,99.166,114315000.0
2020-07-31,101.0,101.137,94.732,95.384,95.384,183123000.0
2020-08-03,96.6133,100.654,96.292,99.0,99.0,132140000.0
2020-08-04,99.6673,101.827,97.4667,99.1333,99.1333,126225000.0
2020-08-05,99.5327,99.9893,97.8873,99.0013,99.0013,74217000.0
2020-08-06,99.3887,101.154,98.484,99.3053,99.3053,89884500.0
2020-08-07,99.9693,99.9833,94.334,96.8473,96.8473,133446000.0
2020-08-10,96.5333,97.1667,92.3893,94.5713,94.5713,112834000.0
2020-08-11,93.0667,94.6667,91.0,91.626,91.626,129387000.0
2020-08-12,98.0,105.667,95.6667,103.651,103.651,327441000.0
2020-08-13,107.4,110.079,104.484,108.067,108.067,306379000.0
2020-08-14,110.999,111.253,108.443,110.047,110.047,188664000.0
2020-08-17,111.8,123.057,111.522,122.376,122.376,303634000.0
2020-08-18,126.599,128.26,123.007,125.806,125.806,247118000.0
2020-08-19,124.333,127.4,122.747,125.235,125.235,183080000.0
2020-08-20,124.045,134.799,123.804,133.455,133.455,309177000.0
2020-08-21,136.317,139.699,135.003,136.665,136.665,322344000.0
2020-08-24,141.752,141.933,128.501,134.28,134.28,300954000.0
2020-08-25,131.659,135.197,131.2,134.889,134.889,159884000.0
2020-08-26,137.333,144.4,136.909,143.545,143.545,213591000.0
2020-08-27,145.364,153.04,142.833,149.25,149.25,355395000.0
2020-08-28,153.008,154.566,145.768,147.56,147.56,301218000.0
2020-08-31,148.203,166.713,146.703,166.107,166.107,355123000.0
2020-09-01,167.38,167.497,156.837,158.35,158.35,269523000.0
2020-09-02,159.663,159.68,135.04,149.123,149.123,288528000.0
2020-09-03,135.743,143.933,134.0,135.667,135.667,262788000.0
2020-09-04,134.27,142.667,124.007,139.44,139.44,330966000.0
2020-09-08,118.667,122.913,109.96,110.07,110.07,346397000.0
2020-09-09,118.867,123.0,113.837,122.093,122.093,238397000.0
2020-09-10,128.737,132.997,120.187,123.78,123.78,254792000.0
2020-09-11,127.313,127.5,120.167,124.24,124.24,182152000.0
2020-09-14,126.983,140.0,124.433,139.873,139.873,249062000.0
2020-09-15,145.52,153.98,143.567,149.92,149.92,291895000.0
2020-09-16,146.623,152.597,145.103,147.253,147.253,216838000.0
2020-09-17,138.533,145.93,136.0,141.143,141.143,230338000.0
2020-09-18,149.313,150.333,142.933,147.383,147.383,259220000.0
2020-09-21,151.043,151.893,135.69,149.797,149.797,328430000.0
2020-09-22,143.2,145.92,139.2,141.41,141.41,238742000.0
2020-09-23,135.053,137.383,125.293,126.787,126.787,285223000.0
2020-09-24,121.267,133.167,117.1,129.263,129.263,289683000.0
2020-09-25,131.157,136.243,130.433,135.78,135.78,201626000.0
2020-09-28,141.54,142.693,138.517,140.4,140.4,149159000.0
2020-09-29,138.667,142.833,137.2,139.69,139.69,150658000.0
2020-09-30,140.44,144.643,140.157,143.003,143.003,144437000.0
2020-10-01,146.92,149.627,144.807,149.387,149.387,152224000.0
2020-10-02,140.463,146.377,138.333,138.363,138.363,214290000.0
2020-10-05,141.117,144.547,139.777,141.893,141.893,134168000.0
2020-10-06,141.263,142.927,135.35,137.993,137.993,147439000.0
2020-10-07,139.957,143.3,137.95,141.767,141.767,129383000.0
2020-10-08,146.147,146.333,141.767,141.973,141.973,121263000.0
2020-10-09,143.377,144.863,142.153,144.667,144.667,86777100.0
2020-10-12,147.333,149.58,146.193,147.433,147.433,116373000.0
2020-10-13,147.783,149.63,145.533,148.883,148.883,103391000.0
2020-10-14,149.927,155.3,149.117,153.767,153.767,143639000.0
2020-10-15,150.103,152.19,147.5,149.627,149.627,107017000.0
2020-10-16,151.48,151.983,146.283,146.557,146.557,98327700.0
2020-10-19,148.747,149.0,142.957,143.61,143.61,108863000.0
2020-10-20,143.917,143.917,139.683,140.647,140.647,94968900.0
2020-10-21,140.9,144.317,140.417,140.88,140.88,97111500.0
2020-10-22,147.307,148.41,141.503,141.93,141.93,119980000.0
2020-10-23,140.613,140.963,135.793,140.21,140.21,101151000.0
2020-10-26,137.21,141.92,136.667,140.093,140.093,84717600.0
2020-10-27,141.253,143.5,140.033,141.56,141.56,68059500.0
2020-10-28,138.827,139.533,135.333,135.34,135.34,76354200.0
2020-10-29,136.653,139.353,135.487,136.943,136.943,67965900.0
2020-10-30,135.633,135.863,126.37,129.347,129.347,127534000.0
2020-11-02,131.333,135.66,130.767,133.503,133.503,87063300.0
2020-11-03,136.577,142.59,135.563,141.3,141.3,103055000.0
2020-11-04,143.54,145.133,139.033,140.327,140.327,96429300.0
2020-11-05,142.767,146.667,141.333,146.03,146.03,85243500.0
2020-11-06,145.367,145.523,141.427,143.317,143.317,65118000.0
2020-11-09,146.5,150.833,140.333,140.42,140.42,104499000.0
2020-11-10,140.03,140.03,132.01,136.787,136.787,90852600.0
2020-11-11,138.817,139.567,136.86,139.043,139.043,52073100.0
2020-11-12,138.35,141.0,136.507,137.253,137.253,59565300.0
2020-11-13,136.95,137.51,133.887,136.167,136.167,59313300.0
2020-11-16,136.31,137.483,134.697,136.03,136.03,80515800.0
2020-11-17,153.39,154.0,144.337,147.203,147.203,183565000.0
2020-11-18,149.45,165.333,147.833,162.213,162.213,234132000.0
2020-11-19,164.0,169.537,162.523,166.423,166.423,187426000.0
2020-11-20,165.997,167.5,163.02,163.203,163.203,98735700.0
2020-11-23,167.833,175.333,167.263,173.95,173.95,150781000.0
2020-11-24,180.133,186.663,175.4,185.127,185.127,160946000.0
2020-11-25,183.353,191.333,181.79,191.333,191.333,146791000.0
2020-11-27,193.72,199.593,192.817,195.253,195.253,112683000.0
2020-11-30,200.737,202.6,184.837,189.2,189.2,189009000.0
2020-12-01,199.197,199.283,190.683,194.92,194.92,120310000.0
2020-12-02,185.48,190.513,180.403,189.607,189.607,143327000.0
2020-12-03,196.673,199.657,194.143,197.793,197.793,127656000.0
2020-12-04,197.003,199.68,195.167,199.68,199.68,88203900.0
2020-12-07,201.64,216.263,201.017,213.92,213.92,168929000.0
2020-12-08,208.503,217.093,206.167,216.627,216.627,192795000.0
2020-12-09,217.897,218.107,196.0,201.493,201.493,213874000.0
2020-12-10,191.457,209.25,188.78,209.023,209.023,201250000.0
2020-12-11,205.003,208.0,198.933,203.33,203.33,139425000.0
2020-12-14,206.333,214.25,203.4,213.277,213.277,156122000.0
2020-12-15,214.427,215.633,207.933,211.083,211.083,135214000.0
2020-12-16,209.41,210.833,201.667,207.59,207.59,126287000.0
2020-12-17,209.397,219.607,206.5,218.633,218.633,168810000.0
2020-12-18,222.967,231.667,209.513,231.667,231.667,666379000.0
2020-12-21,222.08,222.833,215.357,216.62,216.62,174136000.0
2020-12-22,216.0,216.627,204.743,213.447,213.447,155148000.0
2020-12-23,210.733,217.167,207.523,215.327,215.327,99519000.0
2020-12-24,214.33,222.03,213.667,220.59,220.59,68596800.0
2020-12-28,224.837,227.133,220.267,221.23,221.23,96835800.0
2020-12-29,220.333,223.3,218.333,221.997,221.997,68732400.0
2020-12-30,224.0,232.2,222.787,231.593,231.593,128538000.0
2020-12-31,233.33,239.573,230.373,235.223,235.223,148950000.0
